[gd_scene load_steps=5 format=2]

[ext_resource path="res://objects/cube.tscn" type="PackedScene" id=1]
[ext_resource path="res://world/world.gd" type="Script" id=2]
[ext_resource path="res://objects/ball.tscn" type="PackedScene" id=3]
[ext_resource path="res://objects/cube_v2.tscn" type="PackedScene" id=5]

[node name="world" type="Spatial"]
script = ExtResource( 2 )

[node name="ClippedCamera" type="ClippedCamera" parent="."]
transform = Transform( 1, 0, 0, 0, 0.960459, 0.278421, 0, -0.278421, 0.960459, 0, 3.1133, 5.68967 )

[node name="cube" parent="." instance=ExtResource( 1 )]
transform = Transform( 1, 0, 0, 0, 1, 0, 0, 0, 1, 4.35192, 0, -7.29621 )

[node name="cube2" parent="." instance=ExtResource( 1 )]
transform = Transform( -0.555657, 0, -0.831411, 0, 1, 0, 0.831411, 0, -0.555657, 4.35192, 0, -18.7834 )

[node name="ball" parent="." instance=ExtResource( 3 )]

[node name="cube_v2" parent="." instance=ExtResource( 5 )]
transform = Transform( 0.999984, 0, 0.00565484, 0, 1, 0, -0.00565484, 0, 0.999984, -6.83759, 0, 0 )

[node name="cube_v3" parent="." instance=ExtResource( 5 )]
transform = Transform( 0.536632, -0.354709, -0.765642, 0.402056, 0.905221, -0.137576, 0.741874, -0.234003, 0.628383, -4.85033, 0, -9.02817 )
path_id = 1
