[gd_scene load_steps=6 format=2]

[ext_resource path="res://objects/cube.tscn" type="PackedScene" id=1]
[ext_resource path="res://world/world.gd" type="Script" id=2]
[ext_resource path="res://objects/ball.tscn" type="PackedScene" id=3]
[ext_resource path="res://models/man.tscn" type="PackedScene" id=4]
[ext_resource path="res://objects/cube_v2.tscn" type="PackedScene" id=5]

[node name="world" type="Spatial"]
transform = Transform( 1, 0, 0, 0, 1, 0, 0, 0, 1, 0.0190182, -4.76837e-07, 0.0182066 )
script = ExtResource( 2 )

[node name="ClippedCamera" type="ClippedCamera" parent="."]
transform = Transform( 1, 0, 0, 0, 0.960459, 0.278421, 0, -0.278421, 0.960459, 0, 3.1133, 8.80496 )
fov = 86.5

[node name="cube" parent="." instance=ExtResource( 1 )]
transform = Transform( 1, 0, 0, 0, 1, 0, 0, 0, 1, 4.35192, 0, -7.29621 )

[node name="ball" parent="." instance=ExtResource( 3 )]

[node name="cube_v2" parent="." instance=ExtResource( 5 )]
transform = Transform( -0.913978, 0, 0.405764, 0, 1, 0, -0.405764, 0, -0.913978, 12.4442, 0, 1.44308 )

[node name="man" parent="." instance=ExtResource( 4 )]
transform = Transform( 0.151502, 0, 0.988457, 0, 1, 0, -0.988457, 0, 0.151502, -8.77618, 0, -6.06556 )

[node name="man2" parent="." instance=ExtResource( 4 )]
transform = Transform( -0.667248, 0, 0.744836, 0, 1, 0, -0.744836, 0, -0.667248, -8.77618, 0, -0.174585 )
